
k =

     1

1 2 3 4 5 6 7 8 9 10 11 12 13 14 15 16 17 18 19 20 
ratio_train =

     1


ratio_test =

    0.9111


k =

     2

1 2 3 4 5 6 7 8 9 10 11 12 13 14 15 16 17 18 19 20 
ratio_train =

     1


ratio_test =

    0.8889


k =

     3

1 2 3 4 5 6 7 8 9 10 11 12 13 14 15 16 17 18 19 20 
ratio_train =

     1


ratio_test =

    0.8611


k =

     4

1 2 3 4 5 6 7 8 9 10 11 12 13 14 15 16 17 18 19 20 
ratio_train =

     1


ratio_test =

    0.8556


k =

     5

1 2 3 4 5 6 7 8 9 10 11 12 13 14 15 16 17 18 19 20 
ratio_train =

     1


ratio_test =

    0.7889


k =

     6

1 2 3 4 5 6 7 8 9 10 11 12 13 14 15 16 17 18 19 20 
ratio_train =

     1


ratio_test =

    0.7389


k =

     7

1 2 3 4 5 6 7 8 9 10 11 12 13 14 15 16 17 18 19 20 
ratio_train =

     1


ratio_test =

    0.7667


k =

     8

1 2 3 4 5 6 7 8 9 10 11 12 13 14 15 16 17 18 19 20 
ratio_train =

     1


ratio_test =

    0.8722


k =

     9

1 2 3 4 5 6 7 8 9 10 11 12 13 14 15 16 17 18 19 20 
ratio_train =

     1


ratio_test =

    0.7500


k =

    10

1 2 3 4 5 6 7 8 9 10 11 12 13 14 15 16 17 18 19 20 
ratio_train =

     1


ratio_test =

    0.7444
